{
 "cells": [
  {
   "cell_type": "markdown",
   "id": "civil-semester",
   "metadata": {},
   "source": [
    "# Homework 7 - Camilo Gómez Zapata\n",
    "### C.C.1010088965"
   ]
  },
  {
   "cell_type": "markdown",
   "id": "wanted-alert",
   "metadata": {},
   "source": [
    "Teach a NN model to predict the prices of the houses from the `kc_house_data.csv'` dataset. "
   ]
  },
  {
   "cell_type": "markdown",
   "id": "atmospheric-license",
   "metadata": {},
   "source": [
    "* clean the data (NaN, repeated values, correlation...)\n",
    "***I forgot to mention that the target (here `price`) should not be taken into account when making the correlation matrix***!!\n",
    "* remove outliers (very large, very small values)\n",
    "* split into train and test \n",
    "* use functions:\n",
    "  * `get_model(input_shape)`\n",
    "  * `get_regularized_model(input_shape,weight_decay,drop_ate)`\n",
    "  * `compile_model()`\n",
    "* use `metrics=['mape']` when compiling model\n",
    "* `scores=model.evaluate(X_test,y_test)` should return mean absolute percentage error\n",
    "* use ModelCheckpoint() callback to save the entire model into `.h5` file\n",
    "* (you can possibly normalize the data before training the algorithm) check this out"
   ]
  },
  {
   "cell_type": "markdown",
   "id": "detected-thesaurus",
   "metadata": {},
   "source": [
    "    * \"id\": Numero de identificacion de la vivienda\n",
    "    * \"Date\": Fecha en que se vendió la casa\n",
    "    * \"Price\": el precio es el objetivo de predicción\n",
    "    * \"Bedrooms\": Número de Dormitorios/Casa\n",
    "    * \"Bathrooms\": Número de baños/Casa\n",
    "    * \"Sqft_Living\": pies cuadrados de la casa\n",
    "    * \"Sqft_Lot\": pies cuadrados del lote\n",
    "    * \"Floors\": Total de pisos oniveles) en casa\n",
    "    * \"Waterfront\": Casa que tiene vista a la costanera\n",
    "    * \"View\": Ha sido visto\n",
    "    * \"Condition\": Qué tan buena es la condición ogeneral)\n",
    "    * \"Grade\": calificación de vivienda, según el sistema del condado de King\n",
    "    * \"Sqft_above\": pies cuadrados de la casa aparte del sótano\n",
    "    * \"Sqft_Basement\": pies cuadrados del sótano\n",
    "    * \"Yr_Built\": año de construcción\n",
    "    * \"Yr_Renovated\": año en que se renovó la casa\n",
    "    * \"Zipcode\": código postal\n",
    "    * \"Lat\": Coordenada de latitud\n",
    "    * \"Long\": Coordenada de longitud\n",
    "    * \"Sqft_Living15\": Área de la sala de estar en 2015 oimplica algunas renovaciones)\n",
    "    * \"Sqft_Lot15\": área del tamaño del lote en 2015 oimplica algunas renovaciones) "
   ]
  },
  {
   "cell_type": "markdown",
   "id": "heated-bottle",
   "metadata": {},
   "source": [
    "1. Importar, leer e inspeccionar los datos\n",
    "  * `df.head()`\n",
    "  * `df.tail()` \n",
    "  * `df.columns()`\n",
    "  * `df.describe()`\n",
    "  * `df.info()`\n",
    "  * `df.loc[mascara]` - selecione filas usando \"mascara\" (ejemplo de mascara (condicion logica): `df['id']>100`) \n",
    "2. Completar los datos y organizar las columnas\n",
    "  * `df.merge()`\n",
    "  * `df[df.duplicated()] ` - visualiza filas con valores duplicadas atraves todas columnas\n",
    "  * `df.drop_duplicates(subset=['nombre_columna'])` - eliminar valor duplicadas en la columna\n",
    "  * `df.drop(['nombre_columna'], axis=1)`           - eliminar columnas innecesarias o repetidas usando funcion\n",
    "  * `df['nueva_columna']=df['nueva_columna']/10.764` añadir otros nuevos (utilizando cálculos)\n",
    "  * `df.rename(columns={'nombre_columna_vieja': 'nombre_columna_nueva'})` cambiar el nombre de las columna\n",
    "  * `df['nombre_columna'] = df['nombre_columna'].astype(str)` cambiar tipo de valores de la columna\n",
    "3. Comprobar de los tipos de datos y eliminar de los valores repetidos, y `Nan`\n",
    "  * `df.info()` \n",
    "  * `df.isnull().sum()` - soma de todas valores vacios en cada columna\n",
    "  * `df.isna().sum()`  - soma de todas valores NaN en cada columna\n",
    "  * `df['sqft_lot'].isnull()` - mascara logica de todos valores null util combinando con `df[mascara]`\n",
    "  * `df.dropna()` - elimina valores Nan, parametro `axis=0` significa eliminar todas filas con valor NaN\n",
    "4. Revisar y comprender los datos\n",
    "  * `df['nombre_columna'].unique()`      - visualizar valores uniqas de la columna\n",
    "  * `df['nombre_columna'].value_counts()` - sumar frequencia de valores de la columna (se usa para columnas con valores discretos)\n",
    "  * `df.groupby(['nombre_columna_1','nombre_columna_1']).mean()`\n",
    "  * `df['nombre_columna'].nlargest(10)` - visualiza 10 mas grandes valore numericas de la columna\n",
    "  * `df.info()`\n",
    "  * `df.describe()`\n",
    "5. Compruebar la correlación entre variables y eliminar las que tengan una correlación superior a 0,8 \n",
    "  * `corr()`\n",
    "6. Buscar y eliminar valores atípicos\n",
    "  * mirar las estadísticas de `df.describe()` max() min()   \n",
    "  * `df.groupby`\n",
    "  * histogramas \n",
    "  * IQR y boxplot `seaborn.boxplot()`\n",
    "7. Comprobar la normalidad de la distribución de continua variable\n",
    "  * `distplot()`\n",
    "8. Búscar de linealidad y relación general entre variables\n",
    "  * `pairplot()`\n",
    "9. Identificar de variables categóricas\n",
    "  * `matplotlib.scatter_plot()`\n",
    "  * `seaborn.scatter_plot()`\n",
    "10. Extraer otras informaciónes válida, por ejemplo usando series de tiempo (time series )\n",
    "  * `pandas.to_datetime()`\n",
    "  * `pandas.DatetimeIndex()`"
   ]
  },
  {
   "cell_type": "markdown",
   "id": "4e35083b",
   "metadata": {},
   "source": [
    "## Solution\n",
    "\n",
    "#### 1. Clean the data (NaN, repeated values, correlation...)"
   ]
  },
  {
   "cell_type": "code",
   "execution_count": 1,
   "id": "scheduled-adventure",
   "metadata": {},
   "outputs": [],
   "source": [
    "import pandas as pd\n",
    "import numpy as np\n",
    "\n",
    "data = pd.read_csv('kc_house_data.csv', sep=',')"
   ]
  },
  {
   "cell_type": "markdown",
   "id": "03c337a0",
   "metadata": {},
   "source": [
    "Drop NAs, drop duplicate rows, drop rows with duplicate ids, drop id and date column, turn floors column into float, turn zipcode column into int."
   ]
  },
  {
   "cell_type": "code",
   "execution_count": 2,
   "id": "interior-share",
   "metadata": {},
   "outputs": [],
   "source": [
    "data = data.dropna()\n",
    "data = data.drop_duplicates()\n",
    "data = data.drop_duplicates(\"id\")\n",
    "data = data.drop([\"id\", \"date\", \"waterfront\", \"yr_renovated\"], axis=1)\n",
    "data[\"floors\"] = data[\"floors\"].astype(float)\n",
    "data[\"zipcode\"] = data[\"zipcode\"].astype(int)"
   ]
  },
  {
   "cell_type": "markdown",
   "id": "a77f74d1",
   "metadata": {},
   "source": [
    "Drop highly correlated values (above 0.8)."
   ]
  },
  {
   "cell_type": "code",
   "execution_count": 3,
   "id": "f3823004",
   "metadata": {},
   "outputs": [
    {
     "data": {
      "text/html": [
       "<div>\n",
       "<style scoped>\n",
       "    .dataframe tbody tr th:only-of-type {\n",
       "        vertical-align: middle;\n",
       "    }\n",
       "\n",
       "    .dataframe tbody tr th {\n",
       "        vertical-align: top;\n",
       "    }\n",
       "\n",
       "    .dataframe thead th {\n",
       "        text-align: right;\n",
       "    }\n",
       "</style>\n",
       "<table border=\"1\" class=\"dataframe\">\n",
       "  <thead>\n",
       "    <tr style=\"text-align: right;\">\n",
       "      <th></th>\n",
       "      <th>price</th>\n",
       "      <th>bedrooms</th>\n",
       "      <th>bathrooms</th>\n",
       "      <th>sqft_living</th>\n",
       "      <th>sqft_lot</th>\n",
       "      <th>floors</th>\n",
       "      <th>view</th>\n",
       "      <th>condition</th>\n",
       "      <th>grade</th>\n",
       "      <th>sqft_above</th>\n",
       "      <th>sqft_basement</th>\n",
       "      <th>yr_built</th>\n",
       "      <th>zipcode</th>\n",
       "      <th>lat</th>\n",
       "      <th>long</th>\n",
       "      <th>sqft_living15</th>\n",
       "      <th>sqft_lot15</th>\n",
       "    </tr>\n",
       "  </thead>\n",
       "  <tbody>\n",
       "    <tr>\n",
       "      <th>price</th>\n",
       "      <td>1.000000</td>\n",
       "      <td>0.308964</td>\n",
       "      <td>0.525445</td>\n",
       "      <td>0.701981</td>\n",
       "      <td>0.088883</td>\n",
       "      <td>0.256248</td>\n",
       "      <td>0.396929</td>\n",
       "      <td>0.035131</td>\n",
       "      <td>0.667525</td>\n",
       "      <td>0.605484</td>\n",
       "      <td>0.323533</td>\n",
       "      <td>0.052990</td>\n",
       "      <td>-0.052078</td>\n",
       "      <td>0.306017</td>\n",
       "      <td>0.020538</td>\n",
       "      <td>0.584668</td>\n",
       "      <td>0.082027</td>\n",
       "    </tr>\n",
       "    <tr>\n",
       "      <th>bedrooms</th>\n",
       "      <td>0.308964</td>\n",
       "      <td>1.000000</td>\n",
       "      <td>0.516768</td>\n",
       "      <td>0.577490</td>\n",
       "      <td>0.031699</td>\n",
       "      <td>0.175156</td>\n",
       "      <td>0.079525</td>\n",
       "      <td>0.027961</td>\n",
       "      <td>0.358435</td>\n",
       "      <td>0.478424</td>\n",
       "      <td>0.303008</td>\n",
       "      <td>0.153786</td>\n",
       "      <td>-0.153493</td>\n",
       "      <td>-0.010318</td>\n",
       "      <td>0.129792</td>\n",
       "      <td>0.393119</td>\n",
       "      <td>0.029099</td>\n",
       "    </tr>\n",
       "    <tr>\n",
       "      <th>bathrooms</th>\n",
       "      <td>0.525445</td>\n",
       "      <td>0.516768</td>\n",
       "      <td>1.000000</td>\n",
       "      <td>0.754420</td>\n",
       "      <td>0.087137</td>\n",
       "      <td>0.499855</td>\n",
       "      <td>0.186679</td>\n",
       "      <td>-0.127822</td>\n",
       "      <td>0.664739</td>\n",
       "      <td>0.684990</td>\n",
       "      <td>0.283528</td>\n",
       "      <td>0.505108</td>\n",
       "      <td>-0.202933</td>\n",
       "      <td>0.023416</td>\n",
       "      <td>0.221922</td>\n",
       "      <td>0.568189</td>\n",
       "      <td>0.086621</td>\n",
       "    </tr>\n",
       "    <tr>\n",
       "      <th>sqft_living</th>\n",
       "      <td>0.701981</td>\n",
       "      <td>0.577490</td>\n",
       "      <td>0.754420</td>\n",
       "      <td>1.000000</td>\n",
       "      <td>0.171948</td>\n",
       "      <td>0.352841</td>\n",
       "      <td>0.283746</td>\n",
       "      <td>-0.060937</td>\n",
       "      <td>0.762431</td>\n",
       "      <td>0.876681</td>\n",
       "      <td>0.434404</td>\n",
       "      <td>0.316572</td>\n",
       "      <td>-0.198552</td>\n",
       "      <td>0.051066</td>\n",
       "      <td>0.239190</td>\n",
       "      <td>0.756195</td>\n",
       "      <td>0.182767</td>\n",
       "    </tr>\n",
       "    <tr>\n",
       "      <th>sqft_lot</th>\n",
       "      <td>0.088883</td>\n",
       "      <td>0.031699</td>\n",
       "      <td>0.087137</td>\n",
       "      <td>0.171948</td>\n",
       "      <td>1.000000</td>\n",
       "      <td>-0.005963</td>\n",
       "      <td>0.075008</td>\n",
       "      <td>-0.009285</td>\n",
       "      <td>0.112546</td>\n",
       "      <td>0.182574</td>\n",
       "      <td>0.015098</td>\n",
       "      <td>0.052454</td>\n",
       "      <td>-0.129395</td>\n",
       "      <td>-0.086013</td>\n",
       "      <td>0.229548</td>\n",
       "      <td>0.143639</td>\n",
       "      <td>0.718096</td>\n",
       "    </tr>\n",
       "    <tr>\n",
       "      <th>floors</th>\n",
       "      <td>0.256248</td>\n",
       "      <td>0.175156</td>\n",
       "      <td>0.499855</td>\n",
       "      <td>0.352841</td>\n",
       "      <td>-0.005963</td>\n",
       "      <td>1.000000</td>\n",
       "      <td>0.028198</td>\n",
       "      <td>-0.266514</td>\n",
       "      <td>0.457498</td>\n",
       "      <td>0.522636</td>\n",
       "      <td>-0.246101</td>\n",
       "      <td>0.489094</td>\n",
       "      <td>-0.058020</td>\n",
       "      <td>0.049227</td>\n",
       "      <td>0.124256</td>\n",
       "      <td>0.278822</td>\n",
       "      <td>-0.011930</td>\n",
       "    </tr>\n",
       "    <tr>\n",
       "      <th>view</th>\n",
       "      <td>0.396929</td>\n",
       "      <td>0.079525</td>\n",
       "      <td>0.186679</td>\n",
       "      <td>0.283746</td>\n",
       "      <td>0.075008</td>\n",
       "      <td>0.028198</td>\n",
       "      <td>1.000000</td>\n",
       "      <td>0.045065</td>\n",
       "      <td>0.249895</td>\n",
       "      <td>0.166923</td>\n",
       "      <td>0.276476</td>\n",
       "      <td>-0.055146</td>\n",
       "      <td>0.087139</td>\n",
       "      <td>0.005653</td>\n",
       "      <td>-0.079732</td>\n",
       "      <td>0.279070</td>\n",
       "      <td>0.072863</td>\n",
       "    </tr>\n",
       "    <tr>\n",
       "      <th>condition</th>\n",
       "      <td>0.035131</td>\n",
       "      <td>0.027961</td>\n",
       "      <td>-0.127822</td>\n",
       "      <td>-0.060937</td>\n",
       "      <td>-0.009285</td>\n",
       "      <td>-0.266514</td>\n",
       "      <td>0.045065</td>\n",
       "      <td>1.000000</td>\n",
       "      <td>-0.148263</td>\n",
       "      <td>-0.160758</td>\n",
       "      <td>0.174496</td>\n",
       "      <td>-0.364976</td>\n",
       "      <td>0.004415</td>\n",
       "      <td>-0.015348</td>\n",
       "      <td>-0.107751</td>\n",
       "      <td>-0.094962</td>\n",
       "      <td>-0.003719</td>\n",
       "    </tr>\n",
       "    <tr>\n",
       "      <th>grade</th>\n",
       "      <td>0.667525</td>\n",
       "      <td>0.358435</td>\n",
       "      <td>0.664739</td>\n",
       "      <td>0.762431</td>\n",
       "      <td>0.112546</td>\n",
       "      <td>0.457498</td>\n",
       "      <td>0.249895</td>\n",
       "      <td>-0.148263</td>\n",
       "      <td>1.000000</td>\n",
       "      <td>0.756086</td>\n",
       "      <td>0.167043</td>\n",
       "      <td>0.445325</td>\n",
       "      <td>-0.182727</td>\n",
       "      <td>0.113354</td>\n",
       "      <td>0.196586</td>\n",
       "      <td>0.712541</td>\n",
       "      <td>0.118318</td>\n",
       "    </tr>\n",
       "    <tr>\n",
       "      <th>sqft_above</th>\n",
       "      <td>0.605484</td>\n",
       "      <td>0.478424</td>\n",
       "      <td>0.684990</td>\n",
       "      <td>0.876681</td>\n",
       "      <td>0.182574</td>\n",
       "      <td>0.522636</td>\n",
       "      <td>0.166923</td>\n",
       "      <td>-0.160758</td>\n",
       "      <td>0.756086</td>\n",
       "      <td>1.000000</td>\n",
       "      <td>-0.052477</td>\n",
       "      <td>0.422860</td>\n",
       "      <td>-0.260384</td>\n",
       "      <td>-0.001692</td>\n",
       "      <td>0.343099</td>\n",
       "      <td>0.731985</td>\n",
       "      <td>0.193407</td>\n",
       "    </tr>\n",
       "    <tr>\n",
       "      <th>sqft_basement</th>\n",
       "      <td>0.323533</td>\n",
       "      <td>0.303008</td>\n",
       "      <td>0.283528</td>\n",
       "      <td>0.434404</td>\n",
       "      <td>0.015098</td>\n",
       "      <td>-0.246101</td>\n",
       "      <td>0.276476</td>\n",
       "      <td>0.174496</td>\n",
       "      <td>0.167043</td>\n",
       "      <td>-0.052477</td>\n",
       "      <td>1.000000</td>\n",
       "      <td>-0.134577</td>\n",
       "      <td>0.075361</td>\n",
       "      <td>0.109173</td>\n",
       "      <td>-0.145873</td>\n",
       "      <td>0.199222</td>\n",
       "      <td>0.017275</td>\n",
       "    </tr>\n",
       "    <tr>\n",
       "      <th>yr_built</th>\n",
       "      <td>0.052990</td>\n",
       "      <td>0.153786</td>\n",
       "      <td>0.505108</td>\n",
       "      <td>0.316572</td>\n",
       "      <td>0.052454</td>\n",
       "      <td>0.489094</td>\n",
       "      <td>-0.055146</td>\n",
       "      <td>-0.364976</td>\n",
       "      <td>0.445325</td>\n",
       "      <td>0.422860</td>\n",
       "      <td>-0.134577</td>\n",
       "      <td>1.000000</td>\n",
       "      <td>-0.345911</td>\n",
       "      <td>-0.148584</td>\n",
       "      <td>0.408556</td>\n",
       "      <td>0.324601</td>\n",
       "      <td>0.070314</td>\n",
       "    </tr>\n",
       "    <tr>\n",
       "      <th>zipcode</th>\n",
       "      <td>-0.052078</td>\n",
       "      <td>-0.153493</td>\n",
       "      <td>-0.202933</td>\n",
       "      <td>-0.198552</td>\n",
       "      <td>-0.129395</td>\n",
       "      <td>-0.058020</td>\n",
       "      <td>0.087139</td>\n",
       "      <td>0.004415</td>\n",
       "      <td>-0.182727</td>\n",
       "      <td>-0.260384</td>\n",
       "      <td>0.075361</td>\n",
       "      <td>-0.345911</td>\n",
       "      <td>1.000000</td>\n",
       "      <td>0.267197</td>\n",
       "      <td>-0.564582</td>\n",
       "      <td>-0.278090</td>\n",
       "      <td>-0.146978</td>\n",
       "    </tr>\n",
       "    <tr>\n",
       "      <th>lat</th>\n",
       "      <td>0.306017</td>\n",
       "      <td>-0.010318</td>\n",
       "      <td>0.023416</td>\n",
       "      <td>0.051066</td>\n",
       "      <td>-0.086013</td>\n",
       "      <td>0.049227</td>\n",
       "      <td>0.005653</td>\n",
       "      <td>-0.015348</td>\n",
       "      <td>0.113354</td>\n",
       "      <td>-0.001692</td>\n",
       "      <td>0.109173</td>\n",
       "      <td>-0.148584</td>\n",
       "      <td>0.267197</td>\n",
       "      <td>1.000000</td>\n",
       "      <td>-0.136422</td>\n",
       "      <td>0.047608</td>\n",
       "      <td>-0.086525</td>\n",
       "    </tr>\n",
       "    <tr>\n",
       "      <th>long</th>\n",
       "      <td>0.020538</td>\n",
       "      <td>0.129792</td>\n",
       "      <td>0.221922</td>\n",
       "      <td>0.239190</td>\n",
       "      <td>0.229548</td>\n",
       "      <td>0.124256</td>\n",
       "      <td>-0.079732</td>\n",
       "      <td>-0.107751</td>\n",
       "      <td>0.196586</td>\n",
       "      <td>0.343099</td>\n",
       "      <td>-0.145873</td>\n",
       "      <td>0.408556</td>\n",
       "      <td>-0.564582</td>\n",
       "      <td>-0.136422</td>\n",
       "      <td>1.000000</td>\n",
       "      <td>0.333627</td>\n",
       "      <td>0.254274</td>\n",
       "    </tr>\n",
       "    <tr>\n",
       "      <th>sqft_living15</th>\n",
       "      <td>0.584668</td>\n",
       "      <td>0.393119</td>\n",
       "      <td>0.568189</td>\n",
       "      <td>0.756195</td>\n",
       "      <td>0.143639</td>\n",
       "      <td>0.278822</td>\n",
       "      <td>0.279070</td>\n",
       "      <td>-0.094962</td>\n",
       "      <td>0.712541</td>\n",
       "      <td>0.731985</td>\n",
       "      <td>0.199222</td>\n",
       "      <td>0.324601</td>\n",
       "      <td>-0.278090</td>\n",
       "      <td>0.047608</td>\n",
       "      <td>0.333627</td>\n",
       "      <td>1.000000</td>\n",
       "      <td>0.182432</td>\n",
       "    </tr>\n",
       "    <tr>\n",
       "      <th>sqft_lot15</th>\n",
       "      <td>0.082027</td>\n",
       "      <td>0.029099</td>\n",
       "      <td>0.086621</td>\n",
       "      <td>0.182767</td>\n",
       "      <td>0.718096</td>\n",
       "      <td>-0.011930</td>\n",
       "      <td>0.072863</td>\n",
       "      <td>-0.003719</td>\n",
       "      <td>0.118318</td>\n",
       "      <td>0.193407</td>\n",
       "      <td>0.017275</td>\n",
       "      <td>0.070314</td>\n",
       "      <td>-0.146978</td>\n",
       "      <td>-0.086525</td>\n",
       "      <td>0.254274</td>\n",
       "      <td>0.182432</td>\n",
       "      <td>1.000000</td>\n",
       "    </tr>\n",
       "  </tbody>\n",
       "</table>\n",
       "</div>"
      ],
      "text/plain": [
       "                  price  bedrooms  bathrooms  sqft_living  sqft_lot    floors  \\\n",
       "price          1.000000  0.308964   0.525445     0.701981  0.088883  0.256248   \n",
       "bedrooms       0.308964  1.000000   0.516768     0.577490  0.031699  0.175156   \n",
       "bathrooms      0.525445  0.516768   1.000000     0.754420  0.087137  0.499855   \n",
       "sqft_living    0.701981  0.577490   0.754420     1.000000  0.171948  0.352841   \n",
       "sqft_lot       0.088883  0.031699   0.087137     0.171948  1.000000 -0.005963   \n",
       "floors         0.256248  0.175156   0.499855     0.352841 -0.005963  1.000000   \n",
       "view           0.396929  0.079525   0.186679     0.283746  0.075008  0.028198   \n",
       "condition      0.035131  0.027961  -0.127822    -0.060937 -0.009285 -0.266514   \n",
       "grade          0.667525  0.358435   0.664739     0.762431  0.112546  0.457498   \n",
       "sqft_above     0.605484  0.478424   0.684990     0.876681  0.182574  0.522636   \n",
       "sqft_basement  0.323533  0.303008   0.283528     0.434404  0.015098 -0.246101   \n",
       "yr_built       0.052990  0.153786   0.505108     0.316572  0.052454  0.489094   \n",
       "zipcode       -0.052078 -0.153493  -0.202933    -0.198552 -0.129395 -0.058020   \n",
       "lat            0.306017 -0.010318   0.023416     0.051066 -0.086013  0.049227   \n",
       "long           0.020538  0.129792   0.221922     0.239190  0.229548  0.124256   \n",
       "sqft_living15  0.584668  0.393119   0.568189     0.756195  0.143639  0.278822   \n",
       "sqft_lot15     0.082027  0.029099   0.086621     0.182767  0.718096 -0.011930   \n",
       "\n",
       "                   view  condition     grade  sqft_above  sqft_basement  \\\n",
       "price          0.396929   0.035131  0.667525    0.605484       0.323533   \n",
       "bedrooms       0.079525   0.027961  0.358435    0.478424       0.303008   \n",
       "bathrooms      0.186679  -0.127822  0.664739    0.684990       0.283528   \n",
       "sqft_living    0.283746  -0.060937  0.762431    0.876681       0.434404   \n",
       "sqft_lot       0.075008  -0.009285  0.112546    0.182574       0.015098   \n",
       "floors         0.028198  -0.266514  0.457498    0.522636      -0.246101   \n",
       "view           1.000000   0.045065  0.249895    0.166923       0.276476   \n",
       "condition      0.045065   1.000000 -0.148263   -0.160758       0.174496   \n",
       "grade          0.249895  -0.148263  1.000000    0.756086       0.167043   \n",
       "sqft_above     0.166923  -0.160758  0.756086    1.000000      -0.052477   \n",
       "sqft_basement  0.276476   0.174496  0.167043   -0.052477       1.000000   \n",
       "yr_built      -0.055146  -0.364976  0.445325    0.422860      -0.134577   \n",
       "zipcode        0.087139   0.004415 -0.182727   -0.260384       0.075361   \n",
       "lat            0.005653  -0.015348  0.113354   -0.001692       0.109173   \n",
       "long          -0.079732  -0.107751  0.196586    0.343099      -0.145873   \n",
       "sqft_living15  0.279070  -0.094962  0.712541    0.731985       0.199222   \n",
       "sqft_lot15     0.072863  -0.003719  0.118318    0.193407       0.017275   \n",
       "\n",
       "               yr_built   zipcode       lat      long  sqft_living15  \\\n",
       "price          0.052990 -0.052078  0.306017  0.020538       0.584668   \n",
       "bedrooms       0.153786 -0.153493 -0.010318  0.129792       0.393119   \n",
       "bathrooms      0.505108 -0.202933  0.023416  0.221922       0.568189   \n",
       "sqft_living    0.316572 -0.198552  0.051066  0.239190       0.756195   \n",
       "sqft_lot       0.052454 -0.129395 -0.086013  0.229548       0.143639   \n",
       "floors         0.489094 -0.058020  0.049227  0.124256       0.278822   \n",
       "view          -0.055146  0.087139  0.005653 -0.079732       0.279070   \n",
       "condition     -0.364976  0.004415 -0.015348 -0.107751      -0.094962   \n",
       "grade          0.445325 -0.182727  0.113354  0.196586       0.712541   \n",
       "sqft_above     0.422860 -0.260384 -0.001692  0.343099       0.731985   \n",
       "sqft_basement -0.134577  0.075361  0.109173 -0.145873       0.199222   \n",
       "yr_built       1.000000 -0.345911 -0.148584  0.408556       0.324601   \n",
       "zipcode       -0.345911  1.000000  0.267197 -0.564582      -0.278090   \n",
       "lat           -0.148584  0.267197  1.000000 -0.136422       0.047608   \n",
       "long           0.408556 -0.564582 -0.136422  1.000000       0.333627   \n",
       "sqft_living15  0.324601 -0.278090  0.047608  0.333627       1.000000   \n",
       "sqft_lot15     0.070314 -0.146978 -0.086525  0.254274       0.182432   \n",
       "\n",
       "               sqft_lot15  \n",
       "price            0.082027  \n",
       "bedrooms         0.029099  \n",
       "bathrooms        0.086621  \n",
       "sqft_living      0.182767  \n",
       "sqft_lot         0.718096  \n",
       "floors          -0.011930  \n",
       "view             0.072863  \n",
       "condition       -0.003719  \n",
       "grade            0.118318  \n",
       "sqft_above       0.193407  \n",
       "sqft_basement    0.017275  \n",
       "yr_built         0.070314  \n",
       "zipcode         -0.146978  \n",
       "lat             -0.086525  \n",
       "long             0.254274  \n",
       "sqft_living15    0.182432  \n",
       "sqft_lot15       1.000000  "
      ]
     },
     "execution_count": 3,
     "metadata": {},
     "output_type": "execute_result"
    }
   ],
   "source": [
    "data.corr()"
   ]
  },
  {
   "cell_type": "code",
   "execution_count": 4,
   "id": "2eb5dc1b",
   "metadata": {},
   "outputs": [],
   "source": [
    "data = data.drop([\"sqft_above\", \"sqft_living\"], axis=1)"
   ]
  },
  {
   "cell_type": "markdown",
   "id": "821c0442",
   "metadata": {},
   "source": [
    "#### 2. Remove outliers (very large, very small values)\n",
    "\n",
    "Remove all rows that have at least one column with a value that is more than 3 standard deviations away from the mean of that column."
   ]
  },
  {
   "cell_type": "code",
   "execution_count": 5,
   "id": "59152edb",
   "metadata": {},
   "outputs": [],
   "source": [
    "from scipy import stats\n",
    "\n",
    "data = data[(np.abs(stats.zscore(data)) < 3).all(axis=1)]"
   ]
  },
  {
   "cell_type": "markdown",
   "id": "91912fd2",
   "metadata": {},
   "source": [
    "#### 3. Scale and split into train and test"
   ]
  },
  {
   "cell_type": "code",
   "execution_count": 6,
   "id": "3075ced2",
   "metadata": {},
   "outputs": [],
   "source": [
    "from sklearn.preprocessing import MinMaxScaler\n",
    "from sklearn.model_selection import train_test_split\n",
    "\n",
    "X = data.drop([\"price\"], axis=1).to_numpy()\n",
    "y = data[\"price\"].to_numpy().reshape((len(data[\"price\"].to_numpy()), 1))\n",
    "\n",
    "scaler_X = MinMaxScaler()\n",
    "scaler_y = MinMaxScaler()\n",
    "scaler_X.fit(X)\n",
    "scaler_y.fit(y)\n",
    "X_scaled = scaler_X.transform(X)\n",
    "y_scaled = scaler_y.transform(y)\n",
    "\n",
    "X_train, X_test, y_train, y_test = train_test_split(X_scaled, y_scaled, test_size=0.1)"
   ]
  },
  {
   "cell_type": "markdown",
   "id": "f76089c2",
   "metadata": {},
   "source": [
    "#### 4. Create model"
   ]
  },
  {
   "cell_type": "code",
   "execution_count": 7,
   "id": "754f2649",
   "metadata": {},
   "outputs": [],
   "source": [
    "import tensorflow as tf\n",
    "from tensorflow.keras.models import Sequential\n",
    "from tensorflow.keras.layers import Dense, Softmax, InputLayer\n",
    "\n",
    "def get_model(input_shape):\n",
    "    return Sequential([\n",
    "        InputLayer(input_shape=input_shape),\n",
    "        Dense(units=16, activation='relu'),\n",
    "        Dense(units=16, activation='relu'),\n",
    "        Dense(units=1, activation='sigmoid')\n",
    "    ])\n",
    "\n",
    "def compile_model(model):\n",
    "    model.compile(\n",
    "        optimizer='adam',\n",
    "        loss='MSE',\n",
    "        metrics=['mape']\n",
    "    )\n",
    "\n",
    "\n",
    "model = get_model((X.shape[1],))\n",
    "compile_model(model)"
   ]
  },
  {
   "cell_type": "markdown",
   "id": "26278394",
   "metadata": {},
   "source": [
    "#### 5. Train with checkpoints"
   ]
  },
  {
   "cell_type": "code",
   "execution_count": 8,
   "id": "501e60ba",
   "metadata": {},
   "outputs": [
    {
     "name": "stdout",
     "output_type": "stream",
     "text": [
      "Epoch 1/32\n",
      "\n",
      "Epoch 00001: saving model to model.h5\n",
      "544/544 - 0s - loss: 0.0171 - mape: 14914.0449\n",
      "Epoch 2/32\n",
      "\n",
      "Epoch 00002: saving model to model.h5\n",
      "544/544 - 0s - loss: 0.0074 - mape: 6134.1255\n",
      "Epoch 3/32\n",
      "\n",
      "Epoch 00003: saving model to model.h5\n",
      "544/544 - 0s - loss: 0.0067 - mape: 5311.9399\n",
      "Epoch 4/32\n",
      "\n",
      "Epoch 00004: saving model to model.h5\n",
      "544/544 - 0s - loss: 0.0064 - mape: 5288.2095\n",
      "Epoch 5/32\n",
      "\n",
      "Epoch 00005: saving model to model.h5\n",
      "544/544 - 0s - loss: 0.0062 - mape: 5385.4429\n",
      "Epoch 6/32\n",
      "\n",
      "Epoch 00006: saving model to model.h5\n",
      "544/544 - 0s - loss: 0.0061 - mape: 5145.8047\n",
      "Epoch 7/32\n",
      "\n",
      "Epoch 00007: saving model to model.h5\n",
      "544/544 - 0s - loss: 0.0059 - mape: 5188.0859\n",
      "Epoch 8/32\n",
      "\n",
      "Epoch 00008: saving model to model.h5\n",
      "544/544 - 0s - loss: 0.0057 - mape: 5462.1431\n",
      "Epoch 9/32\n",
      "\n",
      "Epoch 00009: saving model to model.h5\n",
      "544/544 - 0s - loss: 0.0056 - mape: 5525.9517\n",
      "Epoch 10/32\n",
      "\n",
      "Epoch 00010: saving model to model.h5\n",
      "544/544 - 0s - loss: 0.0055 - mape: 5415.9185\n",
      "Epoch 11/32\n",
      "\n",
      "Epoch 00011: saving model to model.h5\n",
      "544/544 - 0s - loss: 0.0053 - mape: 5772.6064\n",
      "Epoch 12/32\n",
      "\n",
      "Epoch 00012: saving model to model.h5\n",
      "544/544 - 0s - loss: 0.0052 - mape: 5682.9897\n",
      "Epoch 13/32\n",
      "\n",
      "Epoch 00013: saving model to model.h5\n",
      "544/544 - 0s - loss: 0.0052 - mape: 5554.2715\n",
      "Epoch 14/32\n",
      "\n",
      "Epoch 00014: saving model to model.h5\n",
      "544/544 - 0s - loss: 0.0051 - mape: 5761.5815\n",
      "Epoch 15/32\n",
      "\n",
      "Epoch 00015: saving model to model.h5\n",
      "544/544 - 0s - loss: 0.0050 - mape: 5659.2861\n",
      "Epoch 16/32\n",
      "\n",
      "Epoch 00016: saving model to model.h5\n",
      "544/544 - 0s - loss: 0.0049 - mape: 5917.8516\n",
      "Epoch 17/32\n",
      "\n",
      "Epoch 00017: saving model to model.h5\n",
      "544/544 - 0s - loss: 0.0049 - mape: 6047.7471\n",
      "Epoch 18/32\n",
      "\n",
      "Epoch 00018: saving model to model.h5\n",
      "544/544 - 0s - loss: 0.0048 - mape: 6054.5356\n",
      "Epoch 19/32\n",
      "\n",
      "Epoch 00019: saving model to model.h5\n",
      "544/544 - 0s - loss: 0.0048 - mape: 5913.1958\n",
      "Epoch 20/32\n",
      "\n",
      "Epoch 00020: saving model to model.h5\n",
      "544/544 - 0s - loss: 0.0047 - mape: 5489.5396\n",
      "Epoch 21/32\n",
      "\n",
      "Epoch 00021: saving model to model.h5\n",
      "544/544 - 0s - loss: 0.0046 - mape: 6540.5996\n",
      "Epoch 22/32\n",
      "\n",
      "Epoch 00022: saving model to model.h5\n",
      "544/544 - 0s - loss: 0.0046 - mape: 5752.0552\n",
      "Epoch 23/32\n",
      "\n",
      "Epoch 00023: saving model to model.h5\n",
      "544/544 - 0s - loss: 0.0045 - mape: 5581.9336\n",
      "Epoch 24/32\n",
      "\n",
      "Epoch 00024: saving model to model.h5\n",
      "544/544 - 0s - loss: 0.0045 - mape: 5283.3999\n",
      "Epoch 25/32\n",
      "\n",
      "Epoch 00025: saving model to model.h5\n",
      "544/544 - 0s - loss: 0.0045 - mape: 5817.4155\n",
      "Epoch 26/32\n",
      "\n",
      "Epoch 00026: saving model to model.h5\n",
      "544/544 - 0s - loss: 0.0044 - mape: 5042.6426\n",
      "Epoch 27/32\n",
      "\n",
      "Epoch 00027: saving model to model.h5\n",
      "544/544 - 0s - loss: 0.0044 - mape: 5505.9893\n",
      "Epoch 28/32\n",
      "\n",
      "Epoch 00028: saving model to model.h5\n",
      "544/544 - 0s - loss: 0.0044 - mape: 5468.6689\n",
      "Epoch 29/32\n",
      "\n",
      "Epoch 00029: saving model to model.h5\n",
      "544/544 - 0s - loss: 0.0043 - mape: 5763.8862\n",
      "Epoch 30/32\n",
      "\n",
      "Epoch 00030: saving model to model.h5\n",
      "544/544 - 0s - loss: 0.0043 - mape: 5511.0625\n",
      "Epoch 31/32\n",
      "\n",
      "Epoch 00031: saving model to model.h5\n",
      "544/544 - 0s - loss: 0.0043 - mape: 5458.8164\n",
      "Epoch 32/32\n",
      "\n",
      "Epoch 00032: saving model to model.h5\n",
      "544/544 - 0s - loss: 0.0043 - mape: 5285.3481\n"
     ]
    },
    {
     "data": {
      "text/plain": [
       "<tensorflow.python.keras.callbacks.History at 0x2260ad36ca0>"
      ]
     },
     "execution_count": 8,
     "metadata": {},
     "output_type": "execute_result"
    }
   ],
   "source": [
    "checkpoint_filepath = \"C:/Users/Camilo/Documents/Estudio/Redes Neuronales/NeuralNetworkRSouzaCourse/Notebooks/extras/HomeworksSubmissions/1010088965/Homework_07/tmp/checkpoint\"\n",
    "checkpoint = tf.keras.callbacks.ModelCheckpoint(\n",
    "    'model.h5',\n",
    "    save_weights_only=False,\n",
    "    frequency='epoch',\n",
    "    verbose=1\n",
    ")\n",
    "\n",
    "model.fit(X_train, y_train, epochs=32, batch_size=32, verbose=2, callbacks=[checkpoint])"
   ]
  },
  {
   "cell_type": "markdown",
   "id": "f0b110ea",
   "metadata": {},
   "source": [
    "#### 6. Evaluate the model"
   ]
  },
  {
   "cell_type": "code",
   "execution_count": 9,
   "id": "7cfdc3d4",
   "metadata": {},
   "outputs": [
    {
     "name": "stdout",
     "output_type": "stream",
     "text": [
      "61/61 [==============================] - 0s 492us/step - loss: 0.0046 - mape: 21.8503\n"
     ]
    },
    {
     "data": {
      "text/plain": [
       "[0.0046317242085933685, 21.85031509399414]"
      ]
     },
     "execution_count": 9,
     "metadata": {},
     "output_type": "execute_result"
    }
   ],
   "source": [
    "scores = model.evaluate(X_test, y_test)\n",
    "scores"
   ]
  },
  {
   "cell_type": "markdown",
   "id": "46e40887",
   "metadata": {},
   "source": [
    "As you can see, the MAPE is of 21%, which means that the model is providing decent results."
   ]
  }
 ],
 "metadata": {
  "kernelspec": {
   "display_name": "Python 3",
   "language": "python",
   "name": "python3"
  },
  "language_info": {
   "codemirror_mode": {
    "name": "ipython",
    "version": 3
   },
   "file_extension": ".py",
   "mimetype": "text/x-python",
   "name": "python",
   "nbconvert_exporter": "python",
   "pygments_lexer": "ipython3",
   "version": "3.8.12"
  }
 },
 "nbformat": 4,
 "nbformat_minor": 5
}
