{
 "cells": [
  {
   "cell_type": "markdown",
   "metadata": {},
   "source": [
    "## Analysis and visualization of the data\n",
    "\n",
    "### John A. Osorio \n",
    "\n",
    "For the results, refer to the notebook FinalProject_CNN.ipnyb"
   ]
  },
  {
   "cell_type": "code",
   "execution_count": 1,
   "metadata": {},
   "outputs": [],
   "source": [
    "#libraries\n",
    "import pandas as pd\n",
    "import numpy as np\n",
    "import scipy.io\n",
    "import seaborn as sns\n",
    "import matplotlib.pyplot as plt"
   ]
  },
  {
   "cell_type": "markdown",
   "metadata": {},
   "source": [
    "### 1. Opening the data"
   ]
  },
  {
   "cell_type": "markdown",
   "metadata": {},
   "source": [
    "The data is in matlab format, so we need to transform it to a pandas DF"
   ]
  },
  {
   "cell_type": "code",
   "execution_count": 2,
   "metadata": {},
   "outputs": [
    {
     "name": "stdout",
     "output_type": "stream",
     "text": [
      "['This data set consists of 80 samples of corn measured on    '\n",
      " '3 different NIR spectrometers. The wavelength range is      '\n",
      " '1100-2498nm at 2 nm intervals (700 channels). The moisture, '\n",
      " 'oil, protein and starch values for each of the samples is   '\n",
      " 'also included. A number of NBS glass standards were also    '\n",
      " 'measured on each instrument. The data was originally taken  '\n",
      " 'at Cargill. Many thanks for Mike Blackburn for letting us   '\n",
      " 'distribute it.                                              '\n",
      " '                                                            '\n",
      " 'The variables in this data set are described below:         '\n",
      " '   information: [20x59  char  ] This field                  '\n",
      " '        m5spec: [80x700 dataset] Spectra on instrument m5   '\n",
      " '       mp5spec: [80x700 dataset] Spectra on instrument mp5  '\n",
      " '       mp6spec: [80x700 dataset] Spectra on instrument mp6  '\n",
      " '      propvals: [80x4   dataset] Property values for samples'\n",
      " '         m5nbs: [ 3x700 dataset] NBS glass stds on m5       '\n",
      " '        mp5nbs: [ 4x700 dataset] NBS glass stds on mp5      '\n",
      " '        mp6nbs: [ 4x700 dataset] NBS glass stds on mp6      ']\n"
     ]
    }
   ],
   "source": [
    "mat = scipy.io.loadmat('corn.mat')\n",
    "print(mat[\"information\"])"
   ]
  },
  {
   "cell_type": "markdown",
   "metadata": {},
   "source": [
    "We notice that \"prop_vals\" includes the \"protein\" information, this will be our target. Therefore, we will split this column into four columns, moisture, oil, protein and starch"
   ]
  },
  {
   "cell_type": "code",
   "execution_count": 3,
   "metadata": {},
   "outputs": [
    {
     "name": "stdout",
     "output_type": "stream",
     "text": [
      "[[(array(['m5spec'], dtype='<U6'), array(['data'], dtype='<U4'), array([], dtype='<U1'), array([[2005.   ,    5.   ,   13.   ,    9.   ,   50.   ,   48.345]]), array([[2005.   ,    5.   ,   13.   ,    9.   ,   50.   ,   53.016]]), array([], shape=(0, 0), dtype=uint8), array([], shape=(0, 0), dtype=uint8), array([[0.0444948, 0.0443834, 0.0442581, ..., 0.731327 , 0.730944 ,\n",
      "        0.730594 ],\n",
      "       [0.0465041, 0.0463485, 0.0462297, ..., 0.727786 , 0.727504 ,\n",
      "        0.72703  ],\n",
      "       [0.0469579, 0.046817 , 0.0466632, ..., 0.706597 , 0.706122 ,\n",
      "        0.705967 ],\n",
      "       ...,\n",
      "       [0.0497173, 0.0495729, 0.0494713, ..., 0.748217 , 0.747987 ,\n",
      "        0.747532 ],\n",
      "       [0.0594381, 0.0593211, 0.0592224, ..., 0.736457 , 0.736197 ,\n",
      "        0.735732 ],\n",
      "       [0.0500851, 0.0499276, 0.0498294, ..., 0.728992 , 0.728863 ,\n",
      "        0.728245 ]]), array([[array([], dtype='<U1'), array([], dtype='<U1')],\n",
      "       [array([], dtype='<U1'), array([], dtype='<U1')]], dtype=object), array([[array([], shape=(0, 0), dtype=uint8), array([], dtype='<U1')],\n",
      "       [array([[1100, 1102, 1104, 1106, 1108, 1110, 1112, 1114, 1116, 1118, 1120,\n",
      "        1122, 1124, 1126, 1128, 1130, 1132, 1134, 1136, 1138, 1140, 1142,\n",
      "        1144, 1146, 1148, 1150, 1152, 1154, 1156, 1158, 1160, 1162, 1164,\n",
      "        1166, 1168, 1170, 1172, 1174, 1176, 1178, 1180, 1182, 1184, 1186,\n",
      "        1188, 1190, 1192, 1194, 1196, 1198, 1200, 1202, 1204, 1206, 1208,\n",
      "        1210, 1212, 1214, 1216, 1218, 1220, 1222, 1224, 1226, 1228, 1230,\n",
      "        1232, 1234, 1236, 1238, 1240, 1242, 1244, 1246, 1248, 1250, 1252,\n",
      "        1254, 1256, 1258, 1260, 1262, 1264, 1266, 1268, 1270, 1272, 1274,\n",
      "        1276, 1278, 1280, 1282, 1284, 1286, 1288, 1290, 1292, 1294, 1296,\n",
      "        1298, 1300, 1302, 1304, 1306, 1308, 1310, 1312, 1314, 1316, 1318,\n",
      "        1320, 1322, 1324, 1326, 1328, 1330, 1332, 1334, 1336, 1338, 1340,\n",
      "        1342, 1344, 1346, 1348, 1350, 1352, 1354, 1356, 1358, 1360, 1362,\n",
      "        1364, 1366, 1368, 1370, 1372, 1374, 1376, 1378, 1380, 1382, 1384,\n",
      "        1386, 1388, 1390, 1392, 1394, 1396, 1398, 1400, 1402, 1404, 1406,\n",
      "        1408, 1410, 1412, 1414, 1416, 1418, 1420, 1422, 1424, 1426, 1428,\n",
      "        1430, 1432, 1434, 1436, 1438, 1440, 1442, 1444, 1446, 1448, 1450,\n",
      "        1452, 1454, 1456, 1458, 1460, 1462, 1464, 1466, 1468, 1470, 1472,\n",
      "        1474, 1476, 1478, 1480, 1482, 1484, 1486, 1488, 1490, 1492, 1494,\n",
      "        1496, 1498, 1500, 1502, 1504, 1506, 1508, 1510, 1512, 1514, 1516,\n",
      "        1518, 1520, 1522, 1524, 1526, 1528, 1530, 1532, 1534, 1536, 1538,\n",
      "        1540, 1542, 1544, 1546, 1548, 1550, 1552, 1554, 1556, 1558, 1560,\n",
      "        1562, 1564, 1566, 1568, 1570, 1572, 1574, 1576, 1578, 1580, 1582,\n",
      "        1584, 1586, 1588, 1590, 1592, 1594, 1596, 1598, 1600, 1602, 1604,\n",
      "        1606, 1608, 1610, 1612, 1614, 1616, 1618, 1620, 1622, 1624, 1626,\n",
      "        1628, 1630, 1632, 1634, 1636, 1638, 1640, 1642, 1644, 1646, 1648,\n",
      "        1650, 1652, 1654, 1656, 1658, 1660, 1662, 1664, 1666, 1668, 1670,\n",
      "        1672, 1674, 1676, 1678, 1680, 1682, 1684, 1686, 1688, 1690, 1692,\n",
      "        1694, 1696, 1698, 1700, 1702, 1704, 1706, 1708, 1710, 1712, 1714,\n",
      "        1716, 1718, 1720, 1722, 1724, 1726, 1728, 1730, 1732, 1734, 1736,\n",
      "        1738, 1740, 1742, 1744, 1746, 1748, 1750, 1752, 1754, 1756, 1758,\n",
      "        1760, 1762, 1764, 1766, 1768, 1770, 1772, 1774, 1776, 1778, 1780,\n",
      "        1782, 1784, 1786, 1788, 1790, 1792, 1794, 1796, 1798, 1800, 1802,\n",
      "        1804, 1806, 1808, 1810, 1812, 1814, 1816, 1818, 1820, 1822, 1824,\n",
      "        1826, 1828, 1830, 1832, 1834, 1836, 1838, 1840, 1842, 1844, 1846,\n",
      "        1848, 1850, 1852, 1854, 1856, 1858, 1860, 1862, 1864, 1866, 1868,\n",
      "        1870, 1872, 1874, 1876, 1878, 1880, 1882, 1884, 1886, 1888, 1890,\n",
      "        1892, 1894, 1896, 1898, 1900, 1902, 1904, 1906, 1908, 1910, 1912,\n",
      "        1914, 1916, 1918, 1920, 1922, 1924, 1926, 1928, 1930, 1932, 1934,\n",
      "        1936, 1938, 1940, 1942, 1944, 1946, 1948, 1950, 1952, 1954, 1956,\n",
      "        1958, 1960, 1962, 1964, 1966, 1968, 1970, 1972, 1974, 1976, 1978,\n",
      "        1980, 1982, 1984, 1986, 1988, 1990, 1992, 1994, 1996, 1998, 2000,\n",
      "        2002, 2004, 2006, 2008, 2010, 2012, 2014, 2016, 2018, 2020, 2022,\n",
      "        2024, 2026, 2028, 2030, 2032, 2034, 2036, 2038, 2040, 2042, 2044,\n",
      "        2046, 2048, 2050, 2052, 2054, 2056, 2058, 2060, 2062, 2064, 2066,\n",
      "        2068, 2070, 2072, 2074, 2076, 2078, 2080, 2082, 2084, 2086, 2088,\n",
      "        2090, 2092, 2094, 2096, 2098, 2100, 2102, 2104, 2106, 2108, 2110,\n",
      "        2112, 2114, 2116, 2118, 2120, 2122, 2124, 2126, 2128, 2130, 2132,\n",
      "        2134, 2136, 2138, 2140, 2142, 2144, 2146, 2148, 2150, 2152, 2154,\n",
      "        2156, 2158, 2160, 2162, 2164, 2166, 2168, 2170, 2172, 2174, 2176,\n",
      "        2178, 2180, 2182, 2184, 2186, 2188, 2190, 2192, 2194, 2196, 2198,\n",
      "        2200, 2202, 2204, 2206, 2208, 2210, 2212, 2214, 2216, 2218, 2220,\n",
      "        2222, 2224, 2226, 2228, 2230, 2232, 2234, 2236, 2238, 2240, 2242,\n",
      "        2244, 2246, 2248, 2250, 2252, 2254, 2256, 2258, 2260, 2262, 2264,\n",
      "        2266, 2268, 2270, 2272, 2274, 2276, 2278, 2280, 2282, 2284, 2286,\n",
      "        2288, 2290, 2292, 2294, 2296, 2298, 2300, 2302, 2304, 2306, 2308,\n",
      "        2310, 2312, 2314, 2316, 2318, 2320, 2322, 2324, 2326, 2328, 2330,\n",
      "        2332, 2334, 2336, 2338, 2340, 2342, 2344, 2346, 2348, 2350, 2352,\n",
      "        2354, 2356, 2358, 2360, 2362, 2364, 2366, 2368, 2370, 2372, 2374,\n",
      "        2376, 2378, 2380, 2382, 2384, 2386, 2388, 2390, 2392, 2394, 2396,\n",
      "        2398, 2400, 2402, 2404, 2406, 2408, 2410, 2412, 2414, 2416, 2418,\n",
      "        2420, 2422, 2424, 2426, 2428, 2430, 2432, 2434, 2436, 2438, 2440,\n",
      "        2442, 2444, 2446, 2448, 2450, 2452, 2454, 2456, 2458, 2460, 2462,\n",
      "        2464, 2466, 2468, 2470, 2472, 2474, 2476, 2478, 2480, 2482, 2484,\n",
      "        2486, 2488, 2490, 2492, 2494, 2496, 2498]], dtype=uint16),\n",
      "        array([], dtype='<U1')]], dtype=object), array([[array([], dtype='<U1'), array([], dtype='<U1')],\n",
      "       [array([], dtype='<U1'), array([], dtype='<U1')]], dtype=object), array([[array([], shape=(0, 0), dtype=uint8), array([], dtype='<U1')],\n",
      "       [array([], shape=(0, 0), dtype=uint8), array([], dtype='<U1')]],\n",
      "      dtype=object), array([[array([[ 1,  2,  3,  4,  5,  6,  7,  8,  9, 10, 11, 12, 13, 14, 15, 16,\n",
      "        17, 18, 19, 20, 21, 22, 23, 24, 25, 26, 27, 28, 29, 30, 31, 32,\n",
      "        33, 34, 35, 36, 37, 38, 39, 40, 41, 42, 43, 44, 45, 46, 47, 48,\n",
      "        49, 50, 51, 52, 53, 54, 55, 56, 57, 58, 59, 60, 61, 62, 63, 64,\n",
      "        65, 66, 67, 68, 69, 70, 71, 72, 73, 74, 75, 76, 77, 78, 79, 80]],\n",
      "      dtype=uint8),\n",
      "        array([], shape=(1, 0), dtype=float64)],\n",
      "       [array([[  1,   2,   3,   4,   5,   6,   7,   8,   9,  10,  11,  12,  13,\n",
      "         14,  15,  16,  17,  18,  19,  20,  21,  22,  23,  24,  25,  26,\n",
      "         27,  28,  29,  30,  31,  32,  33,  34,  35,  36,  37,  38,  39,\n",
      "         40,  41,  42,  43,  44,  45,  46,  47,  48,  49,  50,  51,  52,\n",
      "         53,  54,  55,  56,  57,  58,  59,  60,  61,  62,  63,  64,  65,\n",
      "         66,  67,  68,  69,  70,  71,  72,  73,  74,  75,  76,  77,  78,\n",
      "         79,  80,  81,  82,  83,  84,  85,  86,  87,  88,  89,  90,  91,\n",
      "         92,  93,  94,  95,  96,  97,  98,  99, 100, 101, 102, 103, 104,\n",
      "        105, 106, 107, 108, 109, 110, 111, 112, 113, 114, 115, 116, 117,\n",
      "        118, 119, 120, 121, 122, 123, 124, 125, 126, 127, 128, 129, 130,\n",
      "        131, 132, 133, 134, 135, 136, 137, 138, 139, 140, 141, 142, 143,\n",
      "        144, 145, 146, 147, 148, 149, 150, 151, 152, 153, 154, 155, 156,\n",
      "        157, 158, 159, 160, 161, 162, 163, 164, 165, 166, 167, 168, 169,\n",
      "        170, 171, 172, 173, 174, 175, 176, 177, 178, 179, 180, 181, 182,\n",
      "        183, 184, 185, 186, 187, 188, 189, 190, 191, 192, 193, 194, 195,\n",
      "        196, 197, 198, 199, 200, 201, 202, 203, 204, 205, 206, 207, 208,\n",
      "        209, 210, 211, 212, 213, 214, 215, 216, 217, 218, 219, 220, 221,\n",
      "        222, 223, 224, 225, 226, 227, 228, 229, 230, 231, 232, 233, 234,\n",
      "        235, 236, 237, 238, 239, 240, 241, 242, 243, 244, 245, 246, 247,\n",
      "        248, 249, 250, 251, 252, 253, 254, 255, 256, 257, 258, 259, 260,\n",
      "        261, 262, 263, 264, 265, 266, 267, 268, 269, 270, 271, 272, 273,\n",
      "        274, 275, 276, 277, 278, 279, 280, 281, 282, 283, 284, 285, 286,\n",
      "        287, 288, 289, 290, 291, 292, 293, 294, 295, 296, 297, 298, 299,\n",
      "        300, 301, 302, 303, 304, 305, 306, 307, 308, 309, 310, 311, 312,\n",
      "        313, 314, 315, 316, 317, 318, 319, 320, 321, 322, 323, 324, 325,\n",
      "        326, 327, 328, 329, 330, 331, 332, 333, 334, 335, 336, 337, 338,\n",
      "        339, 340, 341, 342, 343, 344, 345, 346, 347, 348, 349, 350, 351,\n",
      "        352, 353, 354, 355, 356, 357, 358, 359, 360, 361, 362, 363, 364,\n",
      "        365, 366, 367, 368, 369, 370, 371, 372, 373, 374, 375, 376, 377,\n",
      "        378, 379, 380, 381, 382, 383, 384, 385, 386, 387, 388, 389, 390,\n",
      "        391, 392, 393, 394, 395, 396, 397, 398, 399, 400, 401, 402, 403,\n",
      "        404, 405, 406, 407, 408, 409, 410, 411, 412, 413, 414, 415, 416,\n",
      "        417, 418, 419, 420, 421, 422, 423, 424, 425, 426, 427, 428, 429,\n",
      "        430, 431, 432, 433, 434, 435, 436, 437, 438, 439, 440, 441, 442,\n",
      "        443, 444, 445, 446, 447, 448, 449, 450, 451, 452, 453, 454, 455,\n",
      "        456, 457, 458, 459, 460, 461, 462, 463, 464, 465, 466, 467, 468,\n",
      "        469, 470, 471, 472, 473, 474, 475, 476, 477, 478, 479, 480, 481,\n",
      "        482, 483, 484, 485, 486, 487, 488, 489, 490, 491, 492, 493, 494,\n",
      "        495, 496, 497, 498, 499, 500, 501, 502, 503, 504, 505, 506, 507,\n",
      "        508, 509, 510, 511, 512, 513, 514, 515, 516, 517, 518, 519, 520,\n",
      "        521, 522, 523, 524, 525, 526, 527, 528, 529, 530, 531, 532, 533,\n",
      "        534, 535, 536, 537, 538, 539, 540, 541, 542, 543, 544, 545, 546,\n",
      "        547, 548, 549, 550, 551, 552, 553, 554, 555, 556, 557, 558, 559,\n",
      "        560, 561, 562, 563, 564, 565, 566, 567, 568, 569, 570, 571, 572,\n",
      "        573, 574, 575, 576, 577, 578, 579, 580, 581, 582, 583, 584, 585,\n",
      "        586, 587, 588, 589, 590, 591, 592, 593, 594, 595, 596, 597, 598,\n",
      "        599, 600, 601, 602, 603, 604, 605, 606, 607, 608, 609, 610, 611,\n",
      "        612, 613, 614, 615, 616, 617, 618, 619, 620, 621, 622, 623, 624,\n",
      "        625, 626, 627, 628, 629, 630, 631, 632, 633, 634, 635, 636, 637,\n",
      "        638, 639, 640, 641, 642, 643, 644, 645, 646, 647, 648, 649, 650,\n",
      "        651, 652, 653, 654, 655, 656, 657, 658, 659, 660, 661, 662, 663,\n",
      "        664, 665, 666, 667, 668, 669, 670, 671, 672, 673, 674, 675, 676,\n",
      "        677, 678, 679, 680, 681, 682, 683, 684, 685, 686, 687, 688, 689,\n",
      "        690, 691, 692, 693, 694, 695, 696, 697, 698, 699, 700]],\n",
      "      dtype=uint16),\n",
      "        array([], shape=(1, 0), dtype=float64)]], dtype=object), array([], dtype='<U1'), array([], shape=(0, 0), dtype=uint8), array(['4.0'], dtype='<U3'), array([[array(['m5spec.axisscale{2,1}=freqs;   %class double 1x700'], dtype='<U50')]],\n",
      "      dtype=object))]]\n"
     ]
    }
   ],
   "source": [
    "print(mat[\"m5spec\"])"
   ]
  },
  {
   "cell_type": "code",
   "execution_count": 4,
   "metadata": {},
   "outputs": [],
   "source": [
    "m5spec = mat[\"m5spec\"][\"data\"][0, 0] #the [\"data\"][0, 0] was specified due to the output of the previous row\n",
    "mp5spec = mat[\"mp5spec\"][\"data\"][0, 0]\n",
    "mp6spec = mat[\"mp6spec\"][\"data\"][0, 0]"
   ]
  },
  {
   "cell_type": "code",
   "execution_count": 5,
   "metadata": {},
   "outputs": [
    {
     "data": {
      "text/plain": [
       "array([[10.448,  3.687,  8.746, 64.838],\n",
       "       [10.409,  3.72 ,  8.658, 64.851],\n",
       "       [10.313,  3.496,  9.125, 63.567],\n",
       "       [10.26 ,  3.504,  9.389, 63.263],\n",
       "       [10.292,  3.661,  8.952, 64.148],\n",
       "       [10.253,  3.507,  8.728, 64.287],\n",
       "       [ 9.732,  3.699,  9.41 , 63.513],\n",
       "       [ 9.739,  3.716,  9.595, 63.631],\n",
       "       [10.335,  3.748,  9.445, 63.021],\n",
       "       [10.108,  3.619,  9.334, 63.356],\n",
       "       [ 9.754,  3.556,  8.504, 66.472],\n",
       "       [ 9.407,  3.787,  8.737, 65.386],\n",
       "       [ 9.942,  3.693,  8.268, 65.72 ],\n",
       "       [ 9.978,  3.677,  7.788, 65.808],\n",
       "       [ 9.911,  3.82 ,  8.918, 64.544],\n",
       "       [ 9.673,  3.832,  9.018, 64.62 ],\n",
       "       [10.221,  3.524,  9.092, 63.823],\n",
       "       [ 9.857,  3.3  ,  9.452, 63.913],\n",
       "       [10.302,  3.46 ,  9.333, 62.826],\n",
       "       [ 9.818,  3.446,  9.073, 64.292],\n",
       "       [10.169,  3.541,  9.711, 63.099],\n",
       "       [10.034,  3.417,  9.694, 63.246],\n",
       "       [ 9.691,  3.645,  8.685, 65.474],\n",
       "       [ 9.78 ,  3.71 ,  8.729, 65.427],\n",
       "       [10.143,  3.67 ,  8.842, 64.582],\n",
       "       [10.346,  3.479,  9.436, 63.466],\n",
       "       [ 9.748,  3.766,  9.179, 65.107],\n",
       "       [ 9.641,  3.822,  8.823, 65.601],\n",
       "       [10.069,  3.449,  9.592, 63.416],\n",
       "       [10.723,  3.212,  8.23 , 64.261],\n",
       "       [10.747,  3.212,  8.412, 64.42 ],\n",
       "       [10.826,  3.519,  8.412, 64.613],\n",
       "       [10.626,  3.464,  8.282, 65.104],\n",
       "       [10.323,  3.59 ,  8.716, 64.923],\n",
       "       [10.371,  3.569,  8.435, 65.637],\n",
       "       [10.817,  3.404,  8.147, 65.022],\n",
       "       [10.936,  3.415,  8.375, 64.546],\n",
       "       [10.336,  3.583,  8.506, 64.787],\n",
       "       [10.451,  3.457,  8.499, 64.656],\n",
       "       [10.525,  3.226,  8.271, 64.895],\n",
       "       [10.535,  3.264,  8.266, 65.193],\n",
       "       [10.882,  3.316,  8.112, 65.217],\n",
       "       [10.592,  3.201,  8.112, 65.115],\n",
       "       [10.296,  3.28 ,  8.277, 65.441],\n",
       "       [10.311,  3.424,  8.496, 64.67 ],\n",
       "       [10.13 ,  3.435,  8.445, 65.519],\n",
       "       [ 9.817,  3.363,  8.285, 65.795],\n",
       "       [10.273,  3.556,  8.994, 64.253],\n",
       "       [10.08 ,  3.494,  9.286, 64.266],\n",
       "       [10.315,  3.584,  8.552, 64.632],\n",
       "       [10.126,  3.407,  8.423, 64.915],\n",
       "       [10.025,  3.437,  8.467, 64.882],\n",
       "       [ 9.973,  3.451,  8.479, 64.933],\n",
       "       [10.146,  3.539,  8.432, 64.806],\n",
       "       [10.146,  3.59 ,  8.54 , 64.757],\n",
       "       [10.301,  3.306,  7.759, 65.524],\n",
       "       [ 9.776,  3.494,  8.286, 65.646],\n",
       "       [10.143,  3.641,  8.381, 65.841],\n",
       "       [ 9.95 ,  3.505,  8.225, 65.374],\n",
       "       [ 9.95 ,  3.491,  8.361, 65.294],\n",
       "       [10.303,  3.751,  8.986, 64.539],\n",
       "       [10.597,  3.595,  9.313, 64.367],\n",
       "       [10.413,  3.449,  8.905, 64.574],\n",
       "       [10.32 ,  3.676,  8.338, 65.547],\n",
       "       [10.55 ,  3.652,  8.571, 65.205],\n",
       "       [10.993,  3.557,  9.354, 63.247],\n",
       "       [ 9.958,  3.088,  9.021, 63.784],\n",
       "       [10.398,  3.163,  9.382, 62.884],\n",
       "       [10.509,  3.38 ,  7.654, 65.903],\n",
       "       [10.831,  3.686,  7.908, 65.437],\n",
       "       [ 9.377,  3.497,  8.613, 64.506],\n",
       "       [ 9.43 ,  3.446,  8.838, 64.131],\n",
       "       [10.568,  3.306,  7.873, 65.337],\n",
       "       [10.855,  3.55 ,  8.288, 64.464],\n",
       "       [ 9.872,  3.105,  8.649, 65.371],\n",
       "       [10.785,  3.251,  7.876, 65.233],\n",
       "       [10.097,  3.49 ,  8.586, 65.679],\n",
       "       [10.442,  3.345,  8.03 , 65.144],\n",
       "       [10.587,  3.176,  8.132, 65.209],\n",
       "       [10.977,  3.328,  8.428, 64.853]])"
      ]
     },
     "execution_count": 5,
     "metadata": {},
     "output_type": "execute_result"
    }
   ],
   "source": [
    "mat[\"propvals\"][\"data\"][0, 0]"
   ]
  },
  {
   "cell_type": "code",
   "execution_count": 6,
   "metadata": {},
   "outputs": [
    {
     "name": "stdout",
     "output_type": "stream",
     "text": [
      "[[10.448 10.409 10.313 10.26  10.292 10.253  9.732  9.739 10.335 10.108\n",
      "   9.754  9.407  9.942  9.978  9.911  9.673 10.221  9.857 10.302  9.818\n",
      "  10.169 10.034  9.691  9.78  10.143 10.346  9.748  9.641 10.069 10.723\n",
      "  10.747 10.826 10.626 10.323 10.371 10.817 10.936 10.336 10.451 10.525\n",
      "  10.535 10.882 10.592 10.296 10.311 10.13   9.817 10.273 10.08  10.315\n",
      "  10.126 10.025  9.973 10.146 10.146 10.301  9.776 10.143  9.95   9.95\n",
      "  10.303 10.597 10.413 10.32  10.55  10.993  9.958 10.398 10.509 10.831\n",
      "   9.377  9.43  10.568 10.855  9.872 10.785 10.097 10.442 10.587 10.977]\n",
      " [ 3.687  3.72   3.496  3.504  3.661  3.507  3.699  3.716  3.748  3.619\n",
      "   3.556  3.787  3.693  3.677  3.82   3.832  3.524  3.3    3.46   3.446\n",
      "   3.541  3.417  3.645  3.71   3.67   3.479  3.766  3.822  3.449  3.212\n",
      "   3.212  3.519  3.464  3.59   3.569  3.404  3.415  3.583  3.457  3.226\n",
      "   3.264  3.316  3.201  3.28   3.424  3.435  3.363  3.556  3.494  3.584\n",
      "   3.407  3.437  3.451  3.539  3.59   3.306  3.494  3.641  3.505  3.491\n",
      "   3.751  3.595  3.449  3.676  3.652  3.557  3.088  3.163  3.38   3.686\n",
      "   3.497  3.446  3.306  3.55   3.105  3.251  3.49   3.345  3.176  3.328]\n",
      " [ 8.746  8.658  9.125  9.389  8.952  8.728  9.41   9.595  9.445  9.334\n",
      "   8.504  8.737  8.268  7.788  8.918  9.018  9.092  9.452  9.333  9.073\n",
      "   9.711  9.694  8.685  8.729  8.842  9.436  9.179  8.823  9.592  8.23\n",
      "   8.412  8.412  8.282  8.716  8.435  8.147  8.375  8.506  8.499  8.271\n",
      "   8.266  8.112  8.112  8.277  8.496  8.445  8.285  8.994  9.286  8.552\n",
      "   8.423  8.467  8.479  8.432  8.54   7.759  8.286  8.381  8.225  8.361\n",
      "   8.986  9.313  8.905  8.338  8.571  9.354  9.021  9.382  7.654  7.908\n",
      "   8.613  8.838  7.873  8.288  8.649  7.876  8.586  8.03   8.132  8.428]\n",
      " [64.838 64.851 63.567 63.263 64.148 64.287 63.513 63.631 63.021 63.356\n",
      "  66.472 65.386 65.72  65.808 64.544 64.62  63.823 63.913 62.826 64.292\n",
      "  63.099 63.246 65.474 65.427 64.582 63.466 65.107 65.601 63.416 64.261\n",
      "  64.42  64.613 65.104 64.923 65.637 65.022 64.546 64.787 64.656 64.895\n",
      "  65.193 65.217 65.115 65.441 64.67  65.519 65.795 64.253 64.266 64.632\n",
      "  64.915 64.882 64.933 64.806 64.757 65.524 65.646 65.841 65.374 65.294\n",
      "  64.539 64.367 64.574 65.547 65.205 63.247 63.784 62.884 65.903 65.437\n",
      "  64.506 64.131 65.337 64.464 65.371 65.233 65.679 65.144 65.209 64.853]]\n"
     ]
    }
   ],
   "source": [
    "print(mat[\"propvals\"][\"data\"][0, 0].T.reshape(4, 80))\n",
    "moisture, oil, protein, starch =  mat[\"propvals\"][\"data\"][0, 0].T.reshape(4, 80) #we want to split the data into four columns!"
   ]
  },
  {
   "cell_type": "code",
   "execution_count": 7,
   "metadata": {},
   "outputs": [],
   "source": [
    "corn_df = pd.DataFrame({\"m5spec\": list(m5spec), \"mp5spec\": list(mp5spec), \"mp6spec\": list(mp6spec), \"moisture\": moisture, \"oil\": oil, \"protein\": protein, \"starch\": starch})"
   ]
  },
  {
   "cell_type": "code",
   "execution_count": 8,
   "metadata": {},
   "outputs": [
    {
     "data": {
      "text/html": [
       "<div>\n",
       "<style scoped>\n",
       "    .dataframe tbody tr th:only-of-type {\n",
       "        vertical-align: middle;\n",
       "    }\n",
       "\n",
       "    .dataframe tbody tr th {\n",
       "        vertical-align: top;\n",
       "    }\n",
       "\n",
       "    .dataframe thead th {\n",
       "        text-align: right;\n",
       "    }\n",
       "</style>\n",
       "<table border=\"1\" class=\"dataframe\">\n",
       "  <thead>\n",
       "    <tr style=\"text-align: right;\">\n",
       "      <th></th>\n",
       "      <th>m5spec</th>\n",
       "      <th>mp5spec</th>\n",
       "      <th>mp6spec</th>\n",
       "      <th>moisture</th>\n",
       "      <th>oil</th>\n",
       "      <th>protein</th>\n",
       "      <th>starch</th>\n",
       "    </tr>\n",
       "  </thead>\n",
       "  <tbody>\n",
       "    <tr>\n",
       "      <th>0</th>\n",
       "      <td>[0.0444948, 0.0443834, 0.0442581, 0.0442124, 0...</td>\n",
       "      <td>[-0.0124404, -0.0125138, -0.0125496, -0.012519...</td>\n",
       "      <td>[-0.0227014, -0.0228025, -0.0228795, -0.022913...</td>\n",
       "      <td>10.448</td>\n",
       "      <td>3.687</td>\n",
       "      <td>8.746</td>\n",
       "      <td>64.838</td>\n",
       "    </tr>\n",
       "    <tr>\n",
       "      <th>1</th>\n",
       "      <td>[0.0465041, 0.0463485, 0.0462297, 0.0462051, 0...</td>\n",
       "      <td>[-0.0141888, -0.0142512, -0.0142884, -0.014264...</td>\n",
       "      <td>[-0.0219211, -0.0220554, -0.0221607, -0.022221...</td>\n",
       "      <td>10.409</td>\n",
       "      <td>3.720</td>\n",
       "      <td>8.658</td>\n",
       "      <td>64.851</td>\n",
       "    </tr>\n",
       "    <tr>\n",
       "      <th>2</th>\n",
       "      <td>[0.0469579, 0.046817, 0.0466632, 0.0466015, 0....</td>\n",
       "      <td>[-0.0133733, -0.0134391, -0.0134764, -0.013456...</td>\n",
       "      <td>[-0.0208596, -0.0209931, -0.0211072, -0.021176...</td>\n",
       "      <td>10.313</td>\n",
       "      <td>3.496</td>\n",
       "      <td>9.125</td>\n",
       "      <td>63.567</td>\n",
       "    </tr>\n",
       "    <tr>\n",
       "      <th>3</th>\n",
       "      <td>[0.0454611, 0.0453212, 0.0452048, 0.0451591, 0...</td>\n",
       "      <td>[-0.016487, -0.0165428, -0.0165762, -0.0165732...</td>\n",
       "      <td>[-0.0236308, -0.0237605, -0.0238691, -0.023937...</td>\n",
       "      <td>10.260</td>\n",
       "      <td>3.504</td>\n",
       "      <td>9.389</td>\n",
       "      <td>63.263</td>\n",
       "    </tr>\n",
       "    <tr>\n",
       "      <th>4</th>\n",
       "      <td>[0.0539477, 0.0537859, 0.0536497, 0.0536129, 0...</td>\n",
       "      <td>[-0.0084945, -0.008567, -0.0085971, -0.0085664...</td>\n",
       "      <td>[-0.015174, -0.0153141, -0.0154367, -0.0155113...</td>\n",
       "      <td>10.292</td>\n",
       "      <td>3.661</td>\n",
       "      <td>8.952</td>\n",
       "      <td>64.148</td>\n",
       "    </tr>\n",
       "  </tbody>\n",
       "</table>\n",
       "</div>"
      ],
      "text/plain": [
       "                                              m5spec  \\\n",
       "0  [0.0444948, 0.0443834, 0.0442581, 0.0442124, 0...   \n",
       "1  [0.0465041, 0.0463485, 0.0462297, 0.0462051, 0...   \n",
       "2  [0.0469579, 0.046817, 0.0466632, 0.0466015, 0....   \n",
       "3  [0.0454611, 0.0453212, 0.0452048, 0.0451591, 0...   \n",
       "4  [0.0539477, 0.0537859, 0.0536497, 0.0536129, 0...   \n",
       "\n",
       "                                             mp5spec  \\\n",
       "0  [-0.0124404, -0.0125138, -0.0125496, -0.012519...   \n",
       "1  [-0.0141888, -0.0142512, -0.0142884, -0.014264...   \n",
       "2  [-0.0133733, -0.0134391, -0.0134764, -0.013456...   \n",
       "3  [-0.016487, -0.0165428, -0.0165762, -0.0165732...   \n",
       "4  [-0.0084945, -0.008567, -0.0085971, -0.0085664...   \n",
       "\n",
       "                                             mp6spec  moisture    oil  \\\n",
       "0  [-0.0227014, -0.0228025, -0.0228795, -0.022913...    10.448  3.687   \n",
       "1  [-0.0219211, -0.0220554, -0.0221607, -0.022221...    10.409  3.720   \n",
       "2  [-0.0208596, -0.0209931, -0.0211072, -0.021176...    10.313  3.496   \n",
       "3  [-0.0236308, -0.0237605, -0.0238691, -0.023937...    10.260  3.504   \n",
       "4  [-0.015174, -0.0153141, -0.0154367, -0.0155113...    10.292  3.661   \n",
       "\n",
       "   protein  starch  \n",
       "0    8.746  64.838  \n",
       "1    8.658  64.851  \n",
       "2    9.125  63.567  \n",
       "3    9.389  63.263  \n",
       "4    8.952  64.148  "
      ]
     },
     "execution_count": 8,
     "metadata": {},
     "output_type": "execute_result"
    }
   ],
   "source": [
    "corn_df.head(5)"
   ]
  },
  {
   "cell_type": "markdown",
   "metadata": {},
   "source": [
    "### 2. Exploration of the data"
   ]
  },
  {
   "cell_type": "code",
   "execution_count": 9,
   "metadata": {},
   "outputs": [],
   "source": [
    "cols = [\"moisture\", \"oil\", \"protein\", \"starch\"] \n",
    "aux_df = corn_df[cols]"
   ]
  },
  {
   "cell_type": "code",
   "execution_count": 10,
   "metadata": {},
   "outputs": [
    {
     "name": "stdout",
     "output_type": "stream",
     "text": [
      "<class 'pandas.core.frame.DataFrame'>\n",
      "RangeIndex: 80 entries, 0 to 79\n",
      "Data columns (total 4 columns):\n",
      " #   Column    Non-Null Count  Dtype  \n",
      "---  ------    --------------  -----  \n",
      " 0   moisture  80 non-null     float64\n",
      " 1   oil       80 non-null     float64\n",
      " 2   protein   80 non-null     float64\n",
      " 3   starch    80 non-null     float64\n",
      "dtypes: float64(4)\n",
      "memory usage: 2.6 KB\n"
     ]
    }
   ],
   "source": [
    "aux_df.info()"
   ]
  },
  {
   "cell_type": "code",
   "execution_count": 11,
   "metadata": {},
   "outputs": [
    {
     "data": {
      "text/html": [
       "<div>\n",
       "<style scoped>\n",
       "    .dataframe tbody tr th:only-of-type {\n",
       "        vertical-align: middle;\n",
       "    }\n",
       "\n",
       "    .dataframe tbody tr th {\n",
       "        vertical-align: top;\n",
       "    }\n",
       "\n",
       "    .dataframe thead th {\n",
       "        text-align: right;\n",
       "    }\n",
       "</style>\n",
       "<table border=\"1\" class=\"dataframe\">\n",
       "  <thead>\n",
       "    <tr style=\"text-align: right;\">\n",
       "      <th></th>\n",
       "      <th>moisture</th>\n",
       "      <th>oil</th>\n",
       "      <th>protein</th>\n",
       "      <th>starch</th>\n",
       "    </tr>\n",
       "  </thead>\n",
       "  <tbody>\n",
       "    <tr>\n",
       "      <th>count</th>\n",
       "      <td>80.000000</td>\n",
       "      <td>80.000000</td>\n",
       "      <td>80.000000</td>\n",
       "      <td>80.000000</td>\n",
       "    </tr>\n",
       "    <tr>\n",
       "      <th>mean</th>\n",
       "      <td>10.233537</td>\n",
       "      <td>3.498388</td>\n",
       "      <td>8.668300</td>\n",
       "      <td>64.695600</td>\n",
       "    </tr>\n",
       "    <tr>\n",
       "      <th>std</th>\n",
       "      <td>0.380365</td>\n",
       "      <td>0.177047</td>\n",
       "      <td>0.498613</td>\n",
       "      <td>0.820734</td>\n",
       "    </tr>\n",
       "    <tr>\n",
       "      <th>min</th>\n",
       "      <td>9.377000</td>\n",
       "      <td>3.088000</td>\n",
       "      <td>7.654000</td>\n",
       "      <td>62.826000</td>\n",
       "    </tr>\n",
       "    <tr>\n",
       "      <th>25%</th>\n",
       "      <td>9.956000</td>\n",
       "      <td>3.406250</td>\n",
       "      <td>8.287500</td>\n",
       "      <td>64.264750</td>\n",
       "    </tr>\n",
       "    <tr>\n",
       "      <th>50%</th>\n",
       "      <td>10.282500</td>\n",
       "      <td>3.496500</td>\n",
       "      <td>8.561500</td>\n",
       "      <td>64.822000</td>\n",
       "    </tr>\n",
       "    <tr>\n",
       "      <th>75%</th>\n",
       "      <td>10.465500</td>\n",
       "      <td>3.642000</td>\n",
       "      <td>9.018750</td>\n",
       "      <td>65.345500</td>\n",
       "    </tr>\n",
       "    <tr>\n",
       "      <th>max</th>\n",
       "      <td>10.993000</td>\n",
       "      <td>3.832000</td>\n",
       "      <td>9.711000</td>\n",
       "      <td>66.472000</td>\n",
       "    </tr>\n",
       "  </tbody>\n",
       "</table>\n",
       "</div>"
      ],
      "text/plain": [
       "        moisture        oil    protein     starch\n",
       "count  80.000000  80.000000  80.000000  80.000000\n",
       "mean   10.233537   3.498388   8.668300  64.695600\n",
       "std     0.380365   0.177047   0.498613   0.820734\n",
       "min     9.377000   3.088000   7.654000  62.826000\n",
       "25%     9.956000   3.406250   8.287500  64.264750\n",
       "50%    10.282500   3.496500   8.561500  64.822000\n",
       "75%    10.465500   3.642000   9.018750  65.345500\n",
       "max    10.993000   3.832000   9.711000  66.472000"
      ]
     },
     "execution_count": 11,
     "metadata": {},
     "output_type": "execute_result"
    }
   ],
   "source": [
    "aux_df.describe()"
   ]
  },
  {
   "cell_type": "code",
   "execution_count": 12,
   "metadata": {},
   "outputs": [
    {
     "data": {
      "text/html": [
       "<div>\n",
       "<style scoped>\n",
       "    .dataframe tbody tr th:only-of-type {\n",
       "        vertical-align: middle;\n",
       "    }\n",
       "\n",
       "    .dataframe tbody tr th {\n",
       "        vertical-align: top;\n",
       "    }\n",
       "\n",
       "    .dataframe thead th {\n",
       "        text-align: right;\n",
       "    }\n",
       "</style>\n",
       "<table border=\"1\" class=\"dataframe\">\n",
       "  <thead>\n",
       "    <tr style=\"text-align: right;\">\n",
       "      <th></th>\n",
       "      <th>moisture</th>\n",
       "      <th>oil</th>\n",
       "      <th>protein</th>\n",
       "      <th>starch</th>\n",
       "    </tr>\n",
       "  </thead>\n",
       "  <tbody>\n",
       "  </tbody>\n",
       "</table>\n",
       "</div>"
      ],
      "text/plain": [
       "Empty DataFrame\n",
       "Columns: [moisture, oil, protein, starch]\n",
       "Index: []"
      ]
     },
     "execution_count": 12,
     "metadata": {},
     "output_type": "execute_result"
    }
   ],
   "source": [
    "aux_df[aux_df.duplicated()]"
   ]
  },
  {
   "cell_type": "code",
   "execution_count": 13,
   "metadata": {},
   "outputs": [
    {
     "data": {
      "text/plain": [
       "moisture    0\n",
       "oil         0\n",
       "protein     0\n",
       "starch      0\n",
       "dtype: int64"
      ]
     },
     "execution_count": 13,
     "metadata": {},
     "output_type": "execute_result"
    }
   ],
   "source": [
    "aux_df.isnull().sum()"
   ]
  },
  {
   "cell_type": "code",
   "execution_count": 14,
   "metadata": {},
   "outputs": [
    {
     "data": {
      "text/plain": [
       "moisture    0\n",
       "oil         0\n",
       "protein     0\n",
       "starch      0\n",
       "dtype: int64"
      ]
     },
     "execution_count": 14,
     "metadata": {},
     "output_type": "execute_result"
    }
   ],
   "source": [
    "aux_df.isna().sum()"
   ]
  },
  {
   "cell_type": "markdown",
   "metadata": {},
   "source": [
    "We see the data has been properly preparated. Let's check if the variables moisture, oil, protein and starch are correlated"
   ]
  },
  {
   "cell_type": "code",
   "execution_count": 15,
   "metadata": {},
   "outputs": [
    {
     "data": {
      "text/plain": [
       "<AxesSubplot:>"
      ]
     },
     "execution_count": 15,
     "metadata": {},
     "output_type": "execute_result"
    },
    {
     "data": {
